214.983 762.69
1222.04 229.562
792.696 404.542
1042.55 709.851
150.175 25.5127
1337.22 389.49
1219.65 1.89545
712.62 649.386
366.02 850.744
1442.28 27.531
40.7134 487.271
1502.64 343.084
346.559 379.905
46.4653 199.522
700.62 446.231
372.935 207.78
350.05 413.643
463.651 19.3407
1340.12 500.809
1027.67 167.316
1588.07 773.952
193.424 299.426
1154.38 640.073
1498.3 379.896
1328.06 603.275
485.39 528.823
1411.97 761.578
808.454 530.102
55.2413 218.466
1275.85 372.883
276.812 493.919
1124.87 607.037
599.525 395.065
813.482 700.598
833.501 353.93
783.51 26.6175
69.5797 633.044
1573.1 533.865
629.759 153.314
803.582 883.869
1232.84 485.656
1376.46 208.959
822.035 857.221
924.472 413.219
430.847 493.197
1531.39 5.13822
1253.85 738.437
1417.89 666.453
1294.62 466.81
898.173 383.482
89.7973 783.009
911.999 179.855
807.553 436.433
570.864 311.47
861.566 561.141
979.924 412.332
44.76 206.645
283.538 526.015
1377.61 718.595
1275.36 734.794
408.47 757.57
1076.98 74.9107
26.705 13.104
1208.94 224.603
175.182 562.322
551.077 62.5638
255.401 474.642
269.032 245.623
1138.54 409.231
515.203 426.394
37.8153 347.901
673.47 169.235
174.019 809.837
816.186 188.182
969.038 735.336
33.309 16.0781
234.339 646.952
256.364 634.145
1085.08 490.232
352.96 878.035
1276.5 464.94
357.113 583.656
631.837 518.261
513.993 567.853
94.0562 268.745
1548.65 787.981
490.219 772.663
496.582 845.36
1190.15 374.555
403.773 7.63224
1405.95 34.1249
1311.06 865.981
912.449 154.365
1388.45 876.398
1126.44 457.986
604.75 312.238
329.219 606.738
692.72 174.707
167.079 599.362
473.716 449.82
520.553 784.459
1439.49 16.2837
321.365 294.967
1579.28 704.43
542.553 191.727
1079.13 753.931
1491.5 309.465
1411.83 618.399
775.198 886.957
375.425 652.919
135.488 152.725
1457.58 191.671
1214.59 540.188
1345.81 331.297
544.456 262.094
1387.87 543.584
1526.89 798.539
216.554 496.053
166.84 35.224
117.109 779.552
1260.99 745.655
545.436 553.667
1251.05 340.236
913.25 201.343
130.789 240.051
1425.23 508.002
1480.11 411.992
443.492 708.313
1324.43 11.1436
1072.66 82.5148
184.164 796.554
64.0377 215.67
1581.05 378.912
184.893 150.645
386.272 669.606
164.535 819.688
605.244 873.238
1454.76 264.621
405.456 429.309
160.207 586.845
63.3923 9.45554
1572.13 265.995
954.513 404.86
501.249 56.6683
1461.43 872.832
1551.67 100.226
344.309 556.026
1567.92 488.622
1101.1 595.651
414.538 487.442
491.714 221.743
130.19 252.708
1573.4 403.112
1043.22 579.119
1505.18 351.431
490.855 294.517
506.776 762.421
1429.6 272.528
534.933 489.803
926.377 536.366
392.157 18.3366
390.015 65.0948
881.928 63.8247
120.208 571.844
465.314 712.966
789.218 776.384
246.687 451.287
1271.97 69.3963
1518.76 155.918
1241.93 886.406
1314.48 287.806
171.004 462.922
1470.97 264.141
1430.01 127.513
1456.77 28.584
505.71 812.779
1286.17 816.438
1345.15 671.566
1103.35 160.339
692.221 142.107
1143.72 601.001
404.138 57.9728
1541.42 727.427
878.832 487.24
1362.07 407.979
633.137 304.802
412.751 21.9677
1034.3 375.015
912.966 56.0895
567.91 124.456
200.206 233.202
1326.3 358.018
641.731 551.2
373.647 6.72946
845.923 450.81
1038.14 394.485
1098.42 658.28
381.399 445.565
766.123 202.556
659.594 504.367
1451.1 825.936
440.361 581.774
77.1157 64.3962
818.707 789.682
255.148 689.425
1412.82 280.622
1108.09 764.092
594.583 631.154
1178.27 535.12
1370.04 806.944
1536.13 514.109
282.041 225.536
348.19 512.566
1212.4 46.9199
1090.62 645.438
556.77 463.55
263.677 656.907
65.1339 883.099
1292.71 565.604
428.042 821.577
1535.1 125.214
1241.21 757.738
1055.55 630.367
712.094 831.877
1553.93 344.118
1284.34 389.629
263.607 292.921
202.128 817.996
1535.08 107.268
961.087 367.402
188.944 265.928
397.146 674.619
6.41433 170.855
702.037 18.9312
1004.04 545.065
1336.53 185.945
455.651 488.105
437.161 527.164
401.412 615.174
1265.75 727.789
1557.79 490.839
785.295 770.128
1230.51 513.49
613.21 255.643
173.023 726.794
188.914 672.539
872.459 868.451
1217.71 876.168
218.55 450.334
916.125 280.126
804.852 321.137
845.43 0.760246
707.703 404.597
487.679 359.462
1252.94 615.072
787.679 582.901
604.093 183.523
6.20105 249.859
957.063 793.497
1327.07 459.864
1579.23 415.423
1335.35 368.069
1191.41 888.833
488.539 153.282
992.054 477.861
575.075 3.16732
622.66 383.283
648.403 775.121
935.085 660.448
1436.65 673.896
788.323 671.192
1024.57 583.871
1007.48 366.299
1006.82 570.359
1499.39 704.226
1354.03 690.75
1304.52 544.916
559.12 238.125
1132.83 786.548
870.795 136.863
1332.76 436.089
747.364 40.8493
816.449 670.273
676.156 319.66
1050.95 17.7672
811.462 851.514
1104.72 361.731
1102.25 544.495
334.223 186.937
1417.64 242.162
119.816 747.61
837.116 331.387
818.43 663.053
269.686 587.76
1141.5 733.503
431.617 548.7
371.382 504.94
275.781 710.791
1386.75 296.679
355.71 867.41
1130.7 759.413
48.8552 809.454
995.923 284.876
690.825 685.434
1256.66 170.911
1001.42 149.067
1556.88 399.219
1461.03 655.423
970.016 235.786
842.548 124.758
220.957 644.175
577.744 676.239
384.79 646.342
1149.56 274.946
170.217 357.307
787.778 89.9768
298.818 49.8087
956.022 799.989
346.492 31.2421
1126.28 733.42
1542.59 551.861
547.909 754.082
188.907 623.373
152.369 359.735
792.037 340.105
269.756 208.546
1312.24 416.318
927.892 190.716
1143.9 297.106
949.79 818.538
1591.03 41.5962
1275.91 771.829
511.319 344.833
928.406 826.956
639.886 792.027
1213.7 137.046
1461.89 13.6629
232.285 598.33
91.3915 341.541
207.966 416.6
1343.97 815.476
56.7514 54.7666
1345 38.5333
437.744 105.693
145.66 24.8606
1020.02 670.153
1098.83 761.06
1060.83 350.732
1009.7 872.635
1026.57 218.783
96.2946 841.649
944.793 314.653
968.564 504.232
835.475 54.7242
565.164 371.385
318.989 792.095
678.592 596.147
1141.67 668.955
1153.78 676.988
402.529 878.763
241.616 826.783
1367.31 766.948
84.498 82.0963
1300.89 422.25
592.405 886.219
64.1887 478.319
709.36 115.383
632.301 636.883
1411.7 22.1577
839.215 81.3389
1280.63 77.2068
54.7093 345.813
1172.17 281.886
208.008 715.115
1291.07 770.274
485.991 382.347
392.624 501.46
528.171 304.797
1253.79 860.667
934.625 94.2191
1044.12 403.751
1580.85 647.443
1335.66 631.158
856.99 807.137
1330.59 262.193
251.251 333.317
833.724 87.6421
552.607 517.415
69.7194 733.454
1041.79 282.285
477.314 317.355
520.462 673.662
801.691 473.516
238.01 822.976
520.917 294.808
110.154 881.47
767.517 821.596
1484.19 872.777
1305.01 832.899
1475.66 721.231
215.33 471.341
920.966 893.248
1254.32 632.625
1194.64 325.42
1507.7 579.151
644.119 418.114
1567.61 478.916
268.476 133.519
1099.59 506.498
1450.89 166.14
657.774 655.164
80.1681 89.3002
873.133 239.156
171.1 235.528
1011.43 473.74
125.595 65.5303
1361 578.915
277.388 775.651
34.959 331.294
1356.21 639.251
454.004 802.153
956.925 778.944
1428.47 382.9
1080.96 490.029
1511.58 718.345
1161.31 732.629
1597.06 230.905
322.182 672.105
1232.53 462.855
779.321 363.369
1412.32 716.609
935.356 36.1072
1361.83 412.608
303.617 269.419
1106.14 4.95637
192.071 272.388
1419.51 672.174
1553.27 488.726
915.149 496.239
841.004 487.837
1309.71 858.032
653.281 566.969
492.415 271.719
810.108 527.641
879.991 878.922
260.754 572.998
1591.25 662.522
905.454 331.527
643.422 842.871
1432.53 602.709
1438 832.647
1354.15 345.075
742.983 716.317
596.213 674.427
770.273 302.887
729.837 104.859
567.195 373.675
29.0617 154.867
416.373 772.096
943.323 258.43
1596.36 232.129
822.061 665.568
1106.11 390.152
1243.2 437.215
1144.74 442.239
1554.39 644.562
146.204 116.523
1546.42 206.306
41.8177 227.901
767.659 856.952
638.608 651.155
1334.98 80.2458
979.027 896.206
879.354 481.038
554.724 851.495
1551.36 92.8529
884.534 377.666
1074.63 106.782
424.535 250.878
767.541 713.955
1372.56 707.781
1082.89 78.4735
623.547 601.831
470.796 457.037
1448.13 104.541
1366.2 95.2467
618.183 814.85
321.92 468.668
666.566 799.153
1587.3 259.733
787.962 805.505
871.673 193.162
1215.46 303.38
777.559 7.70572
1582.35 591.554
1481.3 871.817
428.054 486.482
704.402 683.87
1347.82 205.704
439.303 635.635
658.629 117.181
312.497 504.764
957.591 864.064
852.448 548.083
238.168 372.422
447.666 625.881
427.292 192.96
588.295 423.494
541.432 545.159
289.926 791.919
1110.67 481.287
93.0596 293.406
1104.17 580.558
1299.13 802.358
504.586 444.358
528.067 115.13
224.187 230.823
140.846 484.943
1124.68 506.765
1095.63 203.623
319.047 510.817
1414.86 380.038
6.77863 18.0464
488.487 553.837
135.305 202.059
1089.1 886.493
545.716 541.025
829.488 20.8123
527.735 125.497
401.315 692.983
1089.92 36.9206
123.8 652.436
165.136 285.318
430.94 44.7899
49.872 125.131
638.924 840.335
1021.41 217.855
1087.43 246.27
824.381 289.645
1517.87 317.126
1285.7 577.074
1349.32 545.544
1392.62 364.647
1086.4 558.573
844.374 507.996
857.219 354.394
1437.31 569.456
878.597 48.5452
813.645 157.632
344.037 391.151
873.531 225.371
433.495 477.132
757.175 362.959
166.006 336.13
1047.07 489.779
871.604 759.436
1157.06 616.13
48.6619 277.315
1091.86 140.195
1461.56 127.734
1406.59 194.642
1346.54 763.407
536.744 799.733
255.628 764.199
610.775 395.746
188.576 540.905
431.609 600.191
1279.02 543.316
13.0957 857.102
1471.49 578.642
607.21 505.722
1412.5 413.576
1246.75 538.703
675.647 840.174
653.489 545.201
85.2389 423.687
59.8628 633.72
0.944386 37.859
177.801 125.617
812.925 320.66
433.445 885.261
1454.4 589.376
1283.34 737.738
392.278 727.457
383.699 506.121
572.347 142.793
1242.97 824.708
501.918 791.786
554.01 591.8
1593.26 694.864
89.0675 391.385
602.085 264.539
1305.82 396.918
1118.78 571.438
830.393 50.4281
1076.86 802.245
275.519 578.47
779.903 306.886
1136.68 877.679
34.6635 807.575
613.182 750.464
279.538 644.932
159.514 302.049
1551.85 590.954
1255.24 415.175
753.867 443.363
1237.05 650.925
310.029 396.544
867.238 514.286
1482.83 755.772
239.81 338.509
174.356 23.6014
119.338 164.669
1225.72 600.499
1276.59 259.653
248.818 874.89
1321.64 852.104
30.0593 356.893
1014.08 662.467
1460.24 483.959
625.268 4.79162
1286.18 883.942
1451.59 596.042
547.961 215.235
1240.03 841.886
1536.52 158.047
936.564 461.806
683.88 714.961
1497.25 652.162
1120.49 621.553
1045.69 483.079
396.665 701.529
190.549 579.499
619.18 503.966
1026.3 431.031
1564.95 215.274
19.4693 859.732
499.212 250.265
664.894 535.47
1577.78 636.772
509.312 481.219
717.897 451.428
668.173 150.856
632.775 350.18
321.151 735.227
575.985 136.338
906.999 760.359
1248.9 559.836
1169.66 302.503
228.338 229.509
558.966 251.22
748.418 134.129
208.419 227.451
314.406 721.531
860.091 178.57
686.747 784.724
924.179 498.523
626.109 176.254
1000.65 69.4345
1257.9 51.7724
1194.16 344.366
1091.86 531.905
206.681 484.652
118.668 217.096
610.67 257.104
1058.81 888.151
570.978 754.737
360.159 638.398
556.353 481.827
141.733 744.618
334.136 417.107
464.473 729.183
948.152 553.666
1207.6 229.407
93.1971 745.7
504.968 731.044
1530.62 566.272
165.267 768.588
1013.48 221.309
332.595 456.949
194.505 815.418
1132.58 737.354
614.113 830.872
214.328 644.625
407.366 3.26846
193.426 181.39
1221.35 340.245
771.249 552.224
428.257 574.59
1074.52 829.232
804.587 769.758
1548.4 692.006
673.907 244.782
156.371 747.924
207.36 503.562
726.289 40.3618
342.94 740.607
861.855 831.955
1452.76 84.6248
1084.99 38.3924
676.267 397.597
1531 535.786
304.001 458.773
834.926 177.367
575.57 789.745
1570.35 699.18
103.202 815.289
733.535 750.65
282.848 132.916
1450.66 256.971
68.8887 450.943
1584.91 751.948
634.079 893.766
1274.67 757.859
1033.77 354.943
1449.14 423.566
1495.43 496.972
1455.77 429.441
682.913 529.814
507.697 134.458
942.932 765.867
444.442 778.519
1259.41 698.108
664.208 898.881
1265.41 518.084
181.616 516.434
23.0099 811.988
538.716 331.51
881.413 573.718
932.363 436.433
1014.97 762.428
713.935 450.071
1296.56 3.06546
257.137 292.527
342.3 806.409
237.146 97.0981
507.522 457.777
1314.37 896.086
1362.99 547.954
60.163 57.118
1009.18 737.894
424.82 872.297
880.62 516.394
989.795 67.4228
272.621 842.573
427.672 74.9637
451.886 653.532
420.494 189.524
443.407 432.379
1180.08 271.191
1397.62 878.294
1315.23 67.6129
504.734 833.207
1375.02 119.928
707.559 327.548
1195.95 25.8387
504.763 674.802
1418.99 36.5637
941.365 597.248
1396.67 382.121
1556.88 177.683
183.62 117.041
938.758 110.196
426.555 176.671
88.4699 866.145
535.881 867.614
1157.17 197.792
1492.07 8.4168
1570.65 29.0379
405.301 496.761
14.6844 688.241
135.447 735.378
56.167 475.342
335.099 259.888
784.775 334.24
627.168 588.087
312.386 163.351
1095.03 267.267
1492.73 383.616
758.434 20.8532
33.0488 94.2911
1001 598.089
1523.52 389.222
1132.27 309.242
118.499 378.167
1122.6 723.801
1523.17 748.956
901.783 495.329
801.752 429.846
1088.79 518.136
1371.46 405.067
753.88 748.871
1081.02 472.006
901.514 725.134
971.811 233.235
496.389 544.144
73.3569 411.819
1427.05 208.929
710.65 629.554
1480.81 626.646
1001.33 345.505
699.775 577.752
570.112 706.384
13.105 676.276
1187.27 275.796
23.9373 304.343
942.697 708.252
1392.59 187.707
130.779 107.898
1582.48 580.893
205.384 621.689
1535.16 546.693
372.115 866.151
1120.89 164.686
1225.95 453.757
918.469 329.209
470.002 378.393
842.244 415.299
1386.03 66.785
318.383 843.755
972.573 555.777
1007.6 219.146
631.487 189.134
243.173 890.561
1190.1 791.224
2.34117 634.024
491.619 448.12
1080.4 28.0682
593.215 498.506
1399.01 461.886
508.133 543.385
933.779 263.06
876.883 248.511
18.0688 279.653
138.289 442.702
801.838 783.2
1196.65 674.44
1583.43 238.21
596.377 207.501
163.979 463.706
818.125 116.752
1476.07 880.653
109.289 2.8539
98.8757 658.557
1364.03 59.5499
14.3397 484.152
532.338 16.8641
14.0788 190.223
320.176 265.827
881.065 226.242
373.626 189.674
1419.2 214.732
888.528 407.37
530.248 366.084
25.586 166.543
1024.22 685.339
349.392 158.877
1449.11 88.0022
1271.78 790.247
234.078 749.677
240.091 38.7963
457.973 309.891
943.264 398.27
1269.53 598.29
190.71 182.131
1193.86 104.342
1524.22 730.404
351.739 257.5
403.4 380.56
397.823 29.0367
402.827 175.319
559.879 408.838
1398.9 593.6
984.772 778.076
618.454 383.485
391.192 747.182
1403.78 819.746
967.882 102.454
115.63 717.781
1416.75 479.042
1473.23 837.696
1207.6 333.49
730.147 316.696
633.68 424.184
27.3766 114.61
268.825 510.134
1394.57 640.256
239.192 411.916
1003.69 121.672
127.502 550.834
376.685 580.552
274.469 770.315
495.585 385.523
879.946 797.713
1466.2 760.313
1095.23 62.269
298.863 481.146
1576.2 653.532
306.662 320.397
1539.94 456.971
1392.51 772.196
1250.83 564.337
1065.35 307.869
192.664 853.705
52.2085 243.796
982.234 868.439
336.269 222.273
1356.65 294.359
644.728 323.766
79.1255 847.64
1116.37 6.14331
155.431 121.909
590.219 801.29
225.375 205.269
498.31 459.625
1441.74 485.512
1445.69 487.734
691.399 784.317
929.336 427.479
819.922 320.067
692.962 66.7427
328.346 686.697
213.735 187.424
261.75 326.594
78.8611 324.296
975.511 610.177
1387.75 78.3699
1030.12 176.683
547.88 517.616
1340.73 603.548
1576.48 16.1531
505.744 432.327
57.9289 47.1353
586.836 503.243
216.824 61.4753
510.138 667.37
907.477 897.124
968.167 801.356
916.622 432.828
664.873 64.3417
100.69 592.566
1374.68 17.1434
288.363 294.72
500.909 750.777
403.839 275.592
780.135 855.727
471.224 570.334
77.759 388.296
1483.54 195.664
570.339 588.73
904.866 518.428
973.684 607.848
516.262 316.545
635.21 470.103
907.203 786.569
633.338 404.323
1332.25 873.967
388.633 657.387
396.179 667.008
61.6438 456.416
911.966 629.632
1467.25 715.586
900.929 447.457
21.162 497.399
899.559 667.892
264.637 529.795
82.5322 653.31
1314.57 393.999
1100.3 596.079
485.758 79.4206
1212.8 321.369
258.202 397.986
1332.71 858.768
907.742 872.871
277.48 441.376
13.4035 210.57
1402.5 53.4543
1047.09 458.587
1580.12 894.237
197.346 235.866
1586.27 296.95
288.766 820.595
987.555 277.342
887.019 384.666
732.776 496.912
271.645 554.043
1528.27 532.836
1260 254.282
247.353 5.79465
1570.11 107.156
608.024 589.251
1175.36 556.319
703.3 733.44
707.776 751.773
86.4397 649.809
155.677 348.805
709.42 163.788
718.317 767.605
58.2526 174.526
1560.98 404.97
623.577 821.382
1241.4 156.171
956.618 162.364
1241.15 500.789
1277.74 58.4347
1484.81 206.83
1359.65 397.438
1422.16 91.4777
86.0692 421.459
1488.75 418.783
811.955 147.773
865.652 384.487
1420.66 666.856
764.42 134.059
233.528 874.123
977.626 202.475
1297.56 194.509
726.391 789.458
165.444 92.6565
84.1327 136.533
599.251 289.481
448.196 12.7465
779.389 400.833
1185.28 272.787
929.899 281.831
1204.79 156.731
782.961 401.2
733.982 484.302
857.821 284.713
1318.57 856.338
894.412 571.946
1157.83 287.827
947.665 416.332
775.092 354.724
858.015 196.321
385.637 180.145
951.181 220.796
1249.01 814.771
1215.56 295.453
1508.22 309.855
578.505 535.751
1057.08 367.955
1258.67 768.173
461.772 202.142
635.904 628.747
1071.72 158.065
621.916 811.673
1535.85 543.803
1248.19 755.823
355.509 59.2931
978.174 346.222
1137.2 264.311
694.34 727.462
149.196 367.058
245.186 480.253
1172.43 888.469
1205.55 129.826
699.21 487.97
1020.42 630.758
1557.29 847.987
333.697 142.546
1552.05 144.469
1549.16 107.853
935.921 116.895
214.079 300.45
1269.99 632.038
507.638 123.379
573.803 156.736
376.03 447.255
781.957 830.351
143.615 479.602
903.697 128.493
576.824 124.083
1429.83 313.688
103.763 427.658
846.459 798.502
1150.54 185.524
1453.36 4.552
1115.51 37.942
1311.5 170.458
1275.66 732.077
1234.37 99.135
640.45 94.3177
1149.81 894.655
836.367 586.768
1067.29 128.445
594.339 314.007
1201 370.248
588.875 494.098
329.506 58.7629
380.803 18.7628
1071.14 411.085
986.64 510.977
86.7055 733.568
1310.2 6.82768
688.296 707.152
664.713 773.808
1112.33 594.567
1449.23 701.062
935.946 42.5711
727.157 619.865
837.058 526.263
558.964 757.073
392.702 575.585
698.806 133.865
30.5231 116.928
461.144 425.128
42.824 60.4231
1274.26 882.211
689.613 422.809
964.311 87.182
861.894 606.616
1510.84 578.85
871.843 369.11
1458.92 471.015
764.145 660.397
700.584 60.5273
946.932 779.413
590.902 86.5579
169.14 815.699
177.744 588.781
140.012 461.133
1457.91 211.024
491.797 550.224
917.56 504.434
627.257 36.8049
952.376 249.09
992.678 394.098
429.789 896.21
514.62 873.943
764.336 480.614
430.212 156.431
1129.83 409.989
936.27 164.334
815.946 592.818
1215.61 599.893
662.062 616.722
954.994 429.664
1008.48 275.725
101.068 133.052
1556.35 803.438
1323.25 233.256
1342.16 710.603
865.937 272.687
170.931 898.009
1598.04 765.82
713.206 656.677
1456.79 487.789
200.205 878.642
860.374 692.664
996.019 58.2967
739.147 10.7777
425.44 865.382
1106.34 509.123
179.27 616.716
968.712 573.716
1101.34 835.106
715.782 549.902
847.617 530.121
1086.95 169.168
88.8732 104.698
68.3357 499.585
488.174 706.182
259.039 135.164
1384.97 80.7041
564.615 621.045
900.341 240.138
215.514 519.969
396.992 770.482
423.765 839.788
34.817 549.827
451.744 427.151
698.427 728.192
296.419 691.02
54.475 573.065
1317.88 386.468
1358.52 319.305
567.962 819.754
1584.64 710.267
367.134 848.126
584.857 780.897
515.007 195.876
412.333 621.84
1567.3 468.857
171.515 616.246
1437.69 703.368
2.9394 280.967
1242.44 631.21
1593.73 808.367
1277.16 620.594
608.879 31.5038
1229.06 411.355
1384 118.601
1371.45 580.89
1417.8 631.151
697.848 464.419
157.372 218.237
919.907 160.003
573.581 578.861
951.595 804.443
693.127 498.28
674.95 679.386
1001.09 850.815
226.368 114.483
467.967 554.629
1021.64 181.41
434.266 535.883
423.007 746.9
170.552 704.357
244.848 642.781
1251.36 849.079
1443.32 22.0375
1057.66 819.377
1232.45 408.762
1200.44 255.682
1284.93 365.707
1553.45 25.1014
932.34 116.952
1225.82 873.452
787.142 757.195
372.823 25.3288
1285.17 369.49
134.467 605.48
1441.78 75.4087
977.267 312.851
67.909 65.8986
72.5531 276.034
492.612 483.707
993.183 765.392
1369.97 154.019
1004.24 788.993
399.854 542.708
1581.24 570.949
1122.43 279.709
1588.03 748.306
516.417 271.617
7.67769 433.036
1397.46 706.422
236.085 217.51
257.977 233.672
324.121 148.493
885.087 822.823
1367.37 559.196
505.912 817.512
337.641 34.8133
345.609 711.058
1121.09 279.721
351.706 573.531
818.429 714.687
713.349 75.0806
112.726 207.813
837.727 643.27
889.803 8.79684
1524.73 412.345
864.55 172.988
389.423 192.761
970.326 817.81
422.587 314.508
459.985 26.1758
16.8032 702.877
1564.03 38.1505
123.06 406.939
486.764 221.97
1391.63 173.76
311.483 815.43
997.09 617.438
1069.38 23.21
1564.71 25.8878
363.851 427.695
1340.19 854.506
14.1457 124.549
25.5636 123.412
1462.01 76.2346
862.66 175.358
12.6596 251.74
414.303 488.511
1398.03 477.082
853.244 251.051
287.91 431.36
630.359 811.546
333.234 23.0717
82.6743 285.44
350.183 357.208
1408.42 655.352
949.428 748.747
1406.52 58.4427
1102.62 117.998
657.218 350.651
434.557 39.9431
310.883 635.729
1531.72 818.613
36.605 512.612
305.144 468.785
853.726 146.147
140.688 432.38
84.1849 756.951
1421.88 13.3713
1281.38 754.824
63.5913 528.442
759.81 157.697
1310.08 509.674
1299.75 841.605
1551.81 596.358
1396.59 57.1033
540.639 427.355
819.539 330.814
1307.18 524.092
1354.6 398.766
1506.83 320.273
1589.13 509.691
603.563 558.566
170.011 618.191
959.744 724.672
121.112 377.537
937.983 54.747
1220.19 810.371
1001.11 687.745
1511.08 409.193
819.045 799.372
1082.82 249.024
943.06 690.656
1350.69 116.815
267.38 618.716
1145.57 656.588
782.825 345.361
1536.67 229.266
458.824 22.3227
135.138 562.739
1060.33 197.019
1184.14 153.393
595.154 573.07
1243.73 407.545
1293.37 424.846
1062.26 750.157
900.309 506.274
1492.67 30.624
29.988 32.7577
497.495 483.852
988.612 613.248
27.2623 786.496
380.053 870.682
553.332 760.303
1140.27 20.6221
819.301 354.336
1589.42 208.78
632.023 156.809
7.50125 484.557
992.129 146.302
1340.04 199.903
1499.77 606.062
1554.02 394.095
1341.42 544.703
1143.95 369.476
818.212 244.682
539.198 832.993
125.279 748.948
1199.96 145.801
688.908 751.767
814.109 457.025
806.048 154.728
1585.15 673.509
456.915 312.585
1132.21 783.106
882.397 257.72
574.133 490.235
1418.14 633.533
360.87 18.0543
1051.91 236.972
1402.61 144.407
1594.08 720.686
403.781 14.1389
1313.17 99.464
243.302 345.926
276.127 85.3311
878.73 589.302
1256.51 52.1084
82.0696 425.111
1186.72 187.079
952.79 99.4789
1437.84 786.187
1498.17 350.167
132.187 735.781
706.218 314.544
683.817 638.264
1164.91 392.248
426.455 135.769
84.5508 865.996
1547.65 60.549
948.816 875.831
921.431 873.599
232.495 647.406
1346.05 103.13
326.939 851.999
373.033 554.872
1458.82 640.183
1236.89 269.142
1359.27 124.472
639.929 440.243
1126.27 30.6786
120.319 331.311
249.042 818.7
709.863 530.32
681.826 773.338
1480.94 810.304
129.807 549.807
1243.14 825.784
889.852 422.927
281.869 7.34577
38.526 250.716
1152.49 362.032
866.99 244.203
1557.28 828.315
422.431 345.869
168.618 355.762
386.259 653.963
500.332 617.298
42.4797 636.093
1019.73 261.37
1233.67 777.767
1449.25 625.036
702.587 526.332
1219.26 284.183
1413.39 708.006
1110.94 683.102
81.9059 731.698
714.607 617.824
1041.14 381.182
1177.21 771.944
1591.1 15.7564
1463.86 697.559
953.039 686.025
557.182 364.052
64.9699 835.563
1291.7 464.784
980.17 741.505
265.903 513.243
1156.91 524.497
1562.76 230.683
1086.96 701.184
625.272 846.23
659.239 131.814
272.624 353.81
1579.13 823.425
1439.37 596.857
805.328 578.107
968.278 859.255
628.683 352.644
1166.76 723.401
1182.92 143.628
1013.72 241.951
438.67 229.904
14.1123 107.633
1074.89 716.327
170.985 852.028
745.324 704.212
66.4399 71.9388
1303.27 86.8646
59.91 591.806
70.1139 373.448
1304.23 102.64
1348.2 819.109
1560.1 552.73
1314.14 143.309
918.596 787.853
1384.85 154.436
1325.95 358.246
819.964 717.526
1069.21 293.379
1369.54 837.694
1293.68 44.8171
24.2785 517.938
159.082 78.4094
1393.94 42.8165
449.872 274.494
1492.07 852.056
1255.33 412.771
187.575 867.427
357.553 577.046
1245.57 458.736
1416.81 845.023
585.659 638.459
151.046 387.826
1075.48 247.306
597.168 683.52
337.655 830.1
225.391 200.674
983.032 207.064
1343.93 322.945
203.59 602.133
683.9 561.515
179.099 47.7154
472.535 463.64
318.513 187.391
1337.85 217.839
555.229 784.166
1596.64 695.016
224.848 688.224
144.689 719.566
441.617 197.322
681.817 127.986
1066.99 740.816
1066.18 717.684
258.029 245.289
1339.84 293.873
1195.1 510.194
238.934 199.198
1477.24 811.737
953.538 14.3506
26.8464 843.965
1277.85 628.083
415.304 817.816
116.903 619.228
1101.11 333.283
1300.34 170.603
1539.56 839.606
542.489 296.802
1271.83 308.752
941.656 622.003
1512.39 678.588
441.374 317.934
120.059 723.891
1351.51 200.733
755.221 311.52
452.506 26.3357
951.543 855.437
273.68 678.774
1236.83 481.92
1356.89 380.974
993.893 61.217
244.351 528.329
1347.55 426.732
1493.75 444.377
656.223 705.258
1473.03 810.89
1055.22 193.455
494.081 501.76
57.8944 268.918
1260.74 225.989
1037.11 273.488
213.389 300.111
513.876 250.104
496.949 826.742
919.605 447.495
422.686 260.804
1278.91 300.618
238.461 348.538
1077.36 846.663
1332.76 445.396
269.589 797.463
63.3085 524.555
1554.44 285.275
836.645 274.929
664.837 97.9289
988.154 631.273
206.761 9.36766
386.293 318.89
695.282 641.131
832.511 29.4073
30.4427 399.218
269.554 727.384
1193.56 723.739
986.968 188.508
1267.37 260.366
263.93 35.0043
624.607 859.484
1094.68 593.987
607.996 392.537
1455.38 899.035
533.789 529.086
779.079 182.851
818.175 80.0373
1273.86 364.168
1046.89 702.251
376.717 852.913
1579.11 436.791
115.56 575.557
1085.62 196.352
1244.73 253.723
416.113 76.7702
990.364 680.4
1110.89 274.928
475.682 48.528
280.87 228.979
334.079 37.9304
638.799 8.94068
805.242 2.45995
610.665 87.1277
259.115 627.134
116.197 702.385
1088.69 576.736
849.243 649.957
352.502 365.528
28.5857 3.80593
665.114 555.193
1544.77 755.015
85.4106 825.643
633.279 372.96
254.687 82.4182
723.095 489.968
1363.48 598.142
306.893 536.248
1313.26 222.666
467.937 232.001
1555.43 132.413
1011.92 325.507
1159.73 450.252
350.265 773.716
859.358 19.765
349.743 151.853
515.31 146.523
1032.39 547.643
620.614 231.764
1016.35 337.965
1228.76 777.557
1151.34 845.212
482.172 766.021
649.119 772.129
987.867 257.93
448.433 771.313
773.295 137.394
928.15 127.348
97.8903 234.192
1240.04 187.36
1381.56 36.2349
539.362 3.84835
1100.75 553.633
1255.05 734.043
1452.45 381.275
586.607 547.707
777.526 174.219
692.087 352.421
1422.24 72.8088
1162.92 635.396
1462.35 511.591
1128.5 110.791
1397.82 46.743
972.854 101.416
366.706 618.822
613.852 617.519
352.165 86.2597
554.991 455.168
1295.66 779.744
605.452 848.406
901.197 165.808
805.832 611.883
1220.78 107.55
1556.05 501.297
7.84694 256.916
1331.51 48.9761
498.893 610.583
203.889 646.143
943.084 241.588
1296.58 65.6569
309.34 687.96
963.249 194.934
628.128 763.469
276.989 57.9982
797.612 183.519
1092.07 220.073
302.857 552.411
1535.37 493.49
1545.96 892.431
1202.52 516.67
595.472 70.9815
845.245 161.361
907.113 390.191
890.904 518.133
896.041 834.781
886.248 105.78
1415.04 667.417
588.359 399.383
899.585 352.582
1071.45 898.298
83.726 825.772
1584.07 776.682
741.387 596.926
746.656 335.893
249.974 180.882
763.579 253.951
332.886 548.128
452.275 749.079
140.915 204.277
679.067 192.778
1339.19 442.978
98.6881 183.606
1117.81 278.086
479.035 189.681
19.9794 682.464
520.935 219.594
168.411 454.85
1182.03 852.369
1492.23 15.5222
793.553 436.761
878.773 383.863
1484.11 534.538
697.492 866.481
828.619 7.30826
1003.26 868.579
1045.03 179.759
1341.22 32.1816
1355.31 121.385
1345.9 160.63
234.18 226.465
806.359 623.033
819.888 63.8642
1515.34 754.712
586.6 33.8791
654.964 866.771
1526.22 151.954
315.352 879.149
541.728 626.439
1486.31 743.232
1286.93 551.394
1292.41 211.706
1446.6 191.741
197.222 692.698
1586.26 683.108
997.048 80.0832
845.312 160.68
865.202 368.784
224.442 489.611
1266.34 643.31
224.3 842.703
1491.17 322.83
1564.46 171.451
640.433 756.864
137.49 354.895
15.6943 190.415
569.69 750.619
1000.49 85.3865
1274.44 683.089
490.709 155.961
1175.78 843.814
350.8 296.973
531.865 870.27
81.5343 16.7328
291.121 416.168
1545.39 33.0617
1276.21 472.88
1424.35 867.509
1148.66 224.915
1456.64 10.6771
1580.71 371.975
431.954 794.71
797.545 347.173
488.397 377.294
397.115 466.149
697.561 237.584
9.32454 136.389
1249.82 637.745
1477.95 134.23
1482.41 798.538
560.131 859.051
1574.11 761.061
891.068 783.959
246.952 119.474
222.16 625.276
1536.23 174.883
218.963 796.856
1405.07 114.479
53.4851 250.415
436.823 6.67454
232.571 751.634
102.015 410.574
1146.41 642.673
495.064 120.308
681.736 324.009
716.676 263.137
760.301 876.943
12.767 206.942
1358.53 449.529
1254.27 71.2364
1583.84 2.25772
1257.95 220.906
1138.73 724.243
1175.19 859.332
355.982 766.919
988.28 165.001
349.105 81.5221
1444.02 297.34
555.064 109.797
1284.94 500.602
327.488 715.705
858.252 713.407
1129.37 388.216
570.193 803.537
289.747 91.4678
1373.93 618.675
1481.25 549.588
1598.83 388.257
101.457 599.364
402.712 352.847
589.391 293.733
826.602 538.772
113.116 803.914
556.219 663.532
554.541 107.439
526.857 202.744
486.613 601.348
1085.64 172.359
1128.49 554.432
259.691 522.054
91.1178 594.552
425.174 530.444
1500.35 635.699
893.124 512.887
396.5 421.672
87.3219 443.565
1549.1 452.745
1190.64 812.446
905.486 116.853
1584.19 458.013
684.781 56.3914
1157.17 762.207
851.339 166.6
1130.04 170.581
555.322 214.946
843.045 584.698
893.334 148.692
375.565 197.681
816.684 867.317
1049.02 773.476
144.404 22.2371
871.364 206.638
532.126 657.879
150.03 790.596
660.197 534.435
67.9132 55.9254
1077.25 34.0398
1018.69 280.25
480.353 859.971
1380.98 276.127
615.913 265.182
191.844 858.066
1041.37 643.033
678.375 187.71
1009.27 221.066
1461.53 850.467
1548.75 193.359
473.715 776.137
744.141 502.464
1142.21 189.378
740.537 75.1727
49.3543 871.53
1155.32 559.69
327.758 265.739
1471.39 894.504
1028.07 831.099
631.532 759.407
1164.74 199.202
1474.72 12.6843
429.388 444.137
1500.92 316.845
175.106 650.258
1072.02 107.916
1102.58 349.252
673.759 846.595
1331.73 879.507
1123.37 347.869
597.684 127.546
108.754 460.574
255.602 523.94
339.406 452.472
1436.9 418.798
1479.35 270.863
215.613 636.584
693.929 601.784
925.932 392.156
581.268 196.076
1586.13 182.985
737.811 803.15
1306.07 884.397
997.482 256.088
1388.86 59.2421
1507.75 402.954
1091.18 804.657
830.217 738.36
1341.85 458.134
1457.89 223.429
251.219 637.284
1318.68 370.594
48.3388 386.365
360.571 64.7186
264.384 541.993
607.183 717.051
351.825 543.434
429.349 255.436
239.693 667.831
450.687 603.514
1101.6 498.749
1059.44 613.706
155.783 695.305
829.389 733.074
177.466 51.7655
1034.5 276.523
1575.96 275.618
721.887 309.73
894.139 191.354
1536.58 246.459
1471.19 886.372
541.161 735.141
1434.28 32.063
1553.29 345.333
542.322 723.055
267.877 24.5858
1549.1 15.8697
1020.59 512.008
672.567 743.555
1306.05 21.8732
988.965 772.663
622.574 112.052
918.753 14.8345
613.928 449.359
343.655 526.906
1324.31 424.842
867.672 170.37
13.4073 424.704
400.88 568.167
160.945 407.275
826.137 705.357
83.2586 800.3
246.239 826.437
1298.86 801.262
1480.77 74.4972
578.814 533.208
529.956 594.237
1392.49 183.164
508.263 784.086
528.639 73.4395
1195.07 263.899
933.375 59.2351
904.061 732.547
711.29 327.671
1231.45 472.618
759.942 156.908
1086.16 746.083
0.538613 277.633
1042.58 135.011
1373.52 120.942
390.233 411.702
220.851 815.022
810.318 350.618
977.075 672.657
870.78 581.664
1090.38 392.538
448.2 112.845
1060.34 340.217
1525.42 246.912
1252.19 396.135
248.214 351.285
1004.27 606.026
556.023 203.325
249.797 533.476
1087.76 810.952
783.561 297.712
1277.96 571.615
1160.28 58.0159
1317.33 354.053
1073.08 65.8148
0.354729 27.0449
120.072 78.5875
1378.02 493.546
98.3671 898.934
689.181 613.752
1059.73 319.875
1321.11 870.279
655.634 318.899
676.391 748.541
803.476 91.4126
16.4246 594.98
237.134 690.072
959.558 189.994
109.074 602.722
256.37 882.719
821.974 294.352
1286.65 555.907
1053.84 710.041
723.764 39.4852
255.017 892.142
998.334 21.4265
236.714 96.0071
410.419 588.775
1483.63 514.575
798.505 829.898
209.453 808.836
1028.51 212.367
1228.34 157.427
947.11 414.104
171.877 843.468
312.945 329.038
1018.89 243.106
151.58 270.315
602.849 726.215
872.062 830.027
222.935 744.291
1577.29 884.854
478.988 90.3974
1222.47 396.04
1024.01 88.0048
1542.52 355.821
1544.87 6.92212
470.192 422.412
590.473 188.388
1568.46 493.316
1498.81 467.08
1257.92 577.656
220.466 628.437
1196.2 645.165
786.139 43.7767
1328.19 871.724
106.771 38.3518
691.099 663.268
718.992 736.446
1408.24 535.993
986.082 579.579
593.762 183.225
1456.53 233.587
1322.48 466.284
1183.02 708.712
1412.99 754.505
524.159 750.902
1390.65 577.742
317.565 886.577
1278.25 345.782
484.817 733.149
1055.44 336.976
1450.96 890.976
1085.68 748.377
954.581 274.455
1277.7 630.217
1409.57 313.138
1501.9 625.351
1200.75 758.236
728.209 755.216
1425.59 873.822
959.049 55.5538
386.247 177.547
224.881 340.762
940.256 890.699
131.639 861.554
875.174 720.937
1324.69 318.26
1124.44 669.576
526.451 832.174
1411.11 9.89571
1367.29 348.162
1531.86 52.6119
1348.53 460.442
